时刻k	输出y	控制增量ud		各项估计参数θ(1~?)
0	-0.834	3.789		0.1255	0.2128	0.2128	0.2128	0.2128	0.2128	0.2128	0.2128	0.2128	
1	1.211	3.070		0.1321	0.2037	0.2119	0.2119	0.2119	0.2119	0.2119	0.2119	0.2119	
2	8.266	0.305		-0.0037	0.0494	0.1307	0.0890	0.1131	0.1131	0.1131	0.1131	0.1131	
3	21.142	2.240		0.0173	0.2632	0.4515	0.0828	0.2978	0.2830	0.2422	0.2422	0.2422	
4	42.479	-33.343		-0.0059	0.2159	0.2108	0.2625	0.6269	0.7449	0.2962	0.3777	0.7481	
5	38.362	-30.309		0.0457	0.1080	0.1373	0.0535	0.6239	0.8657	0.3451	0.3075	0.5481	
6	-21.158	39.303		0.1464	-0.1704	0.4274	-0.3665	0.8354	0.5516	-0.1627	0.0153	0.7889	
7	-96.663	11.223		0.1207	-0.1557	0.5724	-0.3866	1.0498	0.7940	0.1105	0.2106	0.9459	
8	-176.229	86.252		0.1140	-0.0827	0.4467	-0.4433	1.0668	0.7772	-0.0350	-0.0081	1.0286	
9	-173.487	-20.842		0.0520	0.0748	0.2352	-0.5992	1.1826	0.9283	-0.3316	-0.5269	0.5789	
10	-108.476	-52.946		0.0451	0.0820	0.2350	-0.5668	1.1876	0.9315	-0.3200	-0.5486	0.5572	
11	-34.301	-54.036		0.0402	0.0870	0.1472	-0.4766	1.5425	0.8985	-0.7667	-0.0763	0.2502	
12	-5.284	4.996		0.0192	0.1027	0.0558	-0.4733	1.8102	0.8388	-0.9783	0.2684	0.0756	
13	-16.450	17.959		0.0192	0.1012	0.0552	-0.4647	1.8239	0.8340	-0.9774	0.2765	0.0748	
14	-50.328	23.041		0.0056	0.1270	-0.0095	-0.4576	2.0133	0.7653	-1.0282	0.3824	0.0078	
15	-83.019	16.730		0.0046	0.1242	-0.0014	-0.4444	2.0308	0.7708	-1.0326	0.3877	0.0029	
16	-97.859	6.614		0.0045	0.1284	-0.0157	-0.4596	2.0374	0.7550	-1.0283	0.3897	0.0001	
17	-88.726	-2.666		0.0045	0.1292	-0.0207	-0.4609	2.0478	0.7429	-1.0165	0.3853	0.0011	
18	-58.423	-9.180		0.0046	0.1199	-0.0006	-0.4317	2.0697	0.7500	-1.0059	0.3789	0.0008	
19	-15.725	-12.722		0.0050	0.1143	0.0082	-0.4152	2.0906	0.7457	-0.9913	0.3724	0.0008	
20	26.451	-10.813		0.0049	0.1133	0.0110	-0.4115	2.0924	0.7475	-0.9909	0.3718	0.0008	
21	56.655	-6.412		0.0044	0.1116	0.0129	-0.4037	2.1083	0.7399	-0.9784	0.3664	0.0010	
22	69.188	-1.188		0.0045	0.1106	0.0151	-0.4008	2.1098	0.7414	-0.9782	0.3662	0.0009	
23	63.029	4.392		0.0045	0.1121	0.0109	-0.4058	2.1092	0.7376	-0.9776	0.3666	0.0008	
24	42.317	8.074		0.0044	0.1028	0.0262	-0.3742	2.1507	0.7272	-0.9473	0.3526	0.0017	
25	14.571	9.698		0.0044	0.1030	0.0255	-0.3749	2.1508	0.7264	-0.9468	0.3525	0.0018	
26	-11.073	8.461		0.0042	0.0978	0.0377	-0.3568	2.1647	0.7307	-0.9404	0.3486	0.0015	
27	-26.112	4.593		0.0040	0.0879	0.0586	-0.3230	2.1962	0.7329	-0.9224	0.3390	0.0014	
28	-26.084	-0.553		0.0040	0.0856	0.0610	-0.3156	2.2103	0.7266	-0.9114	0.3344	0.0016	
29	-11.060	-5.620		0.0040	0.0857	0.0609	-0.3157	2.2102	0.7266	-0.9114	0.3344	0.0016	
30	12.481	-7.801		0.0040	0.0855	0.0614	-0.3151	2.2104	0.7270	-0.9115	0.3344	0.0015	
31	37.432	-8.079		0.0038	0.0883	0.0532	-0.3237	2.2119	0.7181	-0.9079	0.3341	0.0014	
32	56.074	-5.559		0.0040	0.0909	0.0424	-0.3330	2.2196	0.7024	-0.8978	0.3317	0.0015	
33	62.121	-1.285		0.0037	0.0818	0.0598	-0.3015	2.2556	0.6985	-0.8749	0.3208	0.0015	
34	55.006	2.653		0.0036	0.0833	0.0551	-0.3063	2.2566	0.6932	-0.8725	0.3204	0.0015	
35	36.781	6.206		0.0036	0.0861	0.0458	-0.3151	2.2608	0.6815	-0.8662	0.3193	0.0014	
36	13.866	7.141		0.0036	0.0874	0.0386	-0.3197	2.2707	0.6682	-0.8556	0.3162	0.0015	
37	-6.512	5.997		0.0035	0.0874	0.0367	-0.3189	2.2791	0.6613	-0.8483	0.3136	0.0015	
38	-19.030	3.675		0.0036	0.0868	0.0376	-0.3170	2.2814	0.6610	-0.8469	0.3130	0.0014	
39	-21.002	0.704		0.0036	0.0859	0.0400	-0.3140	2.2826	0.6626	-0.8467	0.3126	0.0015	
40	-11.182	-1.978		0.0036	0.0725	0.0690	-0.2697	2.3185	0.6698	-0.8270	0.3014	0.0017	
41	8.984	-5.597		0.0038	0.0733	0.0613	-0.2732	2.3336	0.6526	-0.8116	0.2964	0.0020	
42	33.739	-7.046		0.0034	0.0673	0.0741	-0.2515	2.3554	0.6530	-0.7992	0.2902	0.0017	
43	55.150	-5.877		0.0032	0.0669	0.0733	-0.2494	2.3642	0.6470	-0.7922	0.2877	0.0016	
44	67.513	-3.449		0.0033	0.0642	0.0799	-0.2406	2.3688	0.6509	-0.7907	0.2864	0.0016	
45	66.727	0.661		0.0034	0.0634	0.0777	-0.2377	2.3842	0.6396	-0.7780	0.2819	0.0015	
46	53.909	4.051		0.0034	0.0639	0.0763	-0.2392	2.3841	0.6383	-0.7775	0.2819	0.0015	
47	33.180	6.350		0.0033	0.0652	0.0715	-0.2432	2.3881	0.6311	-0.7729	0.2808	0.0015	
48	10.393	7.082		0.0034	0.0633	0.0743	-0.2372	2.3968	0.6286	-0.7668	0.2782	0.0015	
49	-6.533	5.112		0.0034	0.0634	0.0742	-0.2373	2.3968	0.6286	-0.7667	0.2782	0.0015	
50	-11.971	1.557		0.0034	0.0646	0.0703	-0.2416	2.3969	0.6245	-0.7653	0.2781	0.0015	
51	-3.589	-2.508		0.0031	0.0570	0.0850	-0.2143	2.4287	0.6209	-0.7458	0.2692	0.0012	
52	15.241	-5.341		0.0029	0.0511	0.0981	-0.1939	2.4461	0.6241	-0.7370	0.2645	0.0009	
53	38.545	-6.629		0.0027	0.0541	0.0879	-0.2029	2.4528	0.6102	-0.7288	0.2627	0.0007	
54	60.168	-6.581		0.0030	0.0475	0.1004	-0.1815	2.4751	0.6090	-0.7147	0.2558	0.0009	
55	73.923	-4.539		0.0030	0.0484	0.0967	-0.1849	2.4773	0.6039	-0.7116	0.2551	0.0009	
56	75.823	-1.396		0.0029	0.0448	0.1042	-0.1720	2.4906	0.6036	-0.7035	0.2511	0.0010	
57	64.477	2.531		0.0028	0.0411	0.1120	-0.1598	2.5008	0.6053	-0.6978	0.2480	0.0010	
58	42.266	6.048		0.0029	0.0398	0.1134	-0.1555	2.5091	0.6017	-0.6915	0.2454	0.0010	
59	15.460	7.801		0.0029	0.0398	0.1134	-0.1555	2.5091	0.6017	-0.6915	0.2454	0.0010	
60	-7.427	5.167		0.0028	0.0399	0.1130	-0.1559	2.5092	0.6013	-0.6914	0.2454	0.0010	
61	-20.888	3.162		0.0029	0.0381	0.1174	-0.1498	2.5128	0.6035	-0.6900	0.2444	0.0010	
62	-21.714	-0.036		0.0028	0.0353	0.1220	-0.1403	2.5256	0.6007	-0.6819	0.2410	0.0008	
63	-10.343	-3.376		0.0028	0.0351	0.1222	-0.1394	2.5279	0.5997	-0.6804	0.2405	0.0007	
64	10.256	-6.345		0.0028	0.0351	0.1221	-0.1394	2.5278	0.5997	-0.6804	0.2405	0.0007	
65	33.503	-7.337		0.0029	0.0356	0.1203	-0.1412	2.5288	0.5972	-0.6789	0.2401	0.0007	
66	52.195	-6.327		0.0028	0.0357	0.1191	-0.1413	2.5324	0.5939	-0.6757	0.2391	0.0007	
67	60.782	-3.757		0.0028	0.0358	0.1187	-0.1416	2.5326	0.5934	-0.6755	0.2391	0.0007	
68	56.191	-0.075		0.0028	0.0338	0.1237	-0.1348	2.5364	0.5961	-0.6740	0.2379	0.0007	
69	39.147	3.626		0.0027	0.0279	0.1353	-0.1152	2.5559	0.5960	-0.6622	0.2319	0.0008	
70	14.152	6.398		0.0028	0.0231	0.1455	-0.0992	2.5699	0.5978	-0.6542	0.2277	0.0008	
71	-11.764	7.414		0.0029	0.0178	0.1565	-0.0817	2.5856	0.5994	-0.6454	0.2230	0.0008	
72	-32.186	6.849		0.0029	0.0139	0.1636	-0.0690	2.5997	0.5982	-0.6368	0.2190	0.0007	
73	-41.257	4.064		0.0030	0.0159	0.1571	-0.0759	2.6009	0.5910	-0.6338	0.2187	0.0006	
74	-35.739	0.175		0.0029	0.0085	0.1723	-0.0507	2.6253	0.5914	-0.6189	0.2111	0.0008	
75	-15.935	-4.340		0.0030	0.0034	0.1821	-0.0338	2.6429	0.5905	-0.6078	0.2056	0.0009	
76	12.861	-7.741		0.0030	0.0012	0.1857	-0.0268	2.6517	0.5887	-0.6017	0.2028	0.0010	
77	42.756	-9.274		0.0031	-0.0005	0.1896	-0.0214	2.6548	0.5908	-0.6005	0.2018	0.0010	
78	64.157	-7.696		0.0032	-0.0017	0.1902	-0.0175	2.6645	0.5855	-0.5930	0.1990	0.0010	
79	69.451	-3.557		0.0032	-0.0018	0.1905	-0.0171	2.6647	0.5857	-0.5930	0.1990	0.0010	
